waiting for clients:
client accepted
{"query":"c","queryArray":null,"level":0}
{"query":"care","queryArray":null,"level":0}
{"query":null,"queryArray":["care"],"level":2}
Matrix[14][14]
D:\StudPlace\Anul_I\Anul_I_sem_I\arhitectura\Programare in Limbaj de Asamblare\14981868-Limbaje-de-asamblare.pdf
D:\StudPlace\Anul_I\Anul_I_sem_I\algoritmi si programare\carti\Bjarne Stroustrup - The C++ Programming Language. 3rd Ed.pdf
D:\StudPlace\Anul_I\Anul_I_sem_I\algoritmi si programare\Tema 2\pr_2.txt
D:\StudPlace\Anul_I\Anul_I_sem_I\algoritmi si programare\Tema 3\p1.txt
D:\StudPlace\Anul_I\Anul_I_sem_I\algoritmi si programare\Tema 5\oglinditplus parcurgeri.txt
D:\StudPlace\Anul_I\Anul_I_sem_I\algoritmi si programare\tema 7\New Text Document.txt
D:\StudPlace\Anul_I\Anul_I_sem_I\arhitectura\Programare in Limbaj de Asamblare\14981868-Limbaje-de-asamblare.pdf
D:\StudPlace\Anul_I\Anul_I_sem_I\arhitectura\Arhitectura calculatorului\Curs4_1.pdf
D:\StudPlace\Anul_I\Anul_I_sem_I\arhitectura\Arhitectura calculatorului\Curs4_2.pdf
D:\StudPlace\Anul_I\Anul_I_sem_I\arhitectura\Arhitectura calculatorului\Curs4_3.pdf
D:\StudPlace\Anul_I\Anul_I_sem_I\arhitectura\bn.pdf
D:\StudPlace\Anul_I\Anul_I_sem_I\arhitectura\fmnl01.pdf
D:\StudPlace\Anul_I\Anul_I_sem_I\arhitectura\Lab2 - MUX_DeMUX.pdf
D:\StudPlace\Anul_I\Anul_I_sem_I\comunicare in medii electronice\cap4.doc.txt
    2   3   4   5   8   11   12   13   14   15   16   18   19   23   
 2 1    0.98 1    1    1    1    0.81 1    0.98 0.82 1    1    0.99 0.97 
 3 0.98 1    1    1    1    1    0.98 1    1    1    1    1    1    1    
 4 1    1    1    0.95 0.69 0.75 1    0.97 0.96 1    0.99 0.99 0.99 0.97 
 5 1    1    0.95 1    0.85 0.83 1    0.99 0.98 1    1    1    0.99 1    
 8 1    1    0.69 0.85 1    0.77 1    1    0.96 1    1    1    1    0.99 
 11 1    1    0.75 0.83 0.77 1    1    0.98 0.97 1    1    1    1    1    
 12 0.81 0.98 1    1    1    1    1    1    1    0.24 1    1    1    1    
 13 1    1    0.97 0.99 1    0.98 1    1    0.79 0.98 0.99 0.98 0.98 1    
 14 0.98 1    0.96 0.98 0.96 0.97 1    0.79 1    0.97 1    1    0.99 0.99 
 15 0.82 1    1    1    1    1    0.24 0.98 0.97 1    1    1    0.99 1    
 16 1    1    0.99 1    1    1    1    0.99 1    1    1    0.93 0.99 0.99 
 18 1    1    0.99 1    1    1    1    0.98 1    1    0.93 1    0.94 1    
 19 0.99 1    0.99 0.99 1    1    1    0.98 0.99 0.99 0.99 0.94 1    1    
 23 0.97 1    0.97 1    0.99 1    1    1    0.99 1    0.99 1    1    1    
Matrix[13][13]
D:\StudPlace\Anul_I\Anul_I_sem_I\arhitectura\Programare in Limbaj de Asamblare\14981868-Limbaje-de-asamblare.pdf
D:\StudPlace\Anul_I\Anul_I_sem_I\algoritmi si programare\carti\Bjarne Stroustrup - The C++ Programming Language. 3rd Ed.pdf
D:\StudPlace\Anul_I\Anul_I_sem_I\algoritmi si programare\Tema 2\pr_2.txt
D:\StudPlace\Anul_I\Anul_I_sem_I\algoritmi si programare\Tema 3\p1.txt
D:\StudPlace\Anul_I\Anul_I_sem_I\algoritmi si programare\Tema 5\oglinditplus parcurgeri.txt
D:\StudPlace\Anul_I\Anul_I_sem_I\algoritmi si programare\tema 7\New Text Document.txt
D:\StudPlace\Anul_I\Anul_I_sem_I\arhitectura\Arhitectura calculatorului\Curs4_1.pdf
D:\StudPlace\Anul_I\Anul_I_sem_I\arhitectura\Arhitectura calculatorului\Curs4_2.pdf
D:\StudPlace\Anul_I\Anul_I_sem_I\arhitectura\bn.pdf
D:\StudPlace\Anul_I\Anul_I_sem_I\arhitectura\fmnl01.pdf
D:\StudPlace\Anul_I\Anul_I_sem_I\arhitectura\Lab2 - MUX_DeMUX.pdf
D:\StudPlace\Anul_I\Anul_I_sem_I\comunicare in medii electronice\cap4.doc.txt
D:\StudPlace\Anul_I\Anul_I_sem_I\arhitectura\Arhitectura calculatorului\Curs4_3.pdf
    2   3   4   5   8   11   13   14   16   18   19   23   24   
 2 1    0.98 1    1    1    1    1    0.98 1    1    0.99 0.97 0.99 
 3 0.98 1    1    1    1    1    1    1    1    1    1    1    0.99 
 4 1    1    1    0.95 0.69 0.75 0.97 0.96 0.99 0.99 0.99 0.97 1    
 5 1    1    0.95 1    0.85 0.83 0.99 0.98 1    1    0.99 1    1    
 8 1    1    0.69 0.85 1    0.77 1    0.96 1    1    1    0.99 1    
 11 1    1    0.75 0.83 0.77 1    0.98 0.97 1    1    1    1    1    
 13 1    1    0.97 0.99 1    0.98 1    0.79 0.99 0.98 0.98 1    0.99 
 14 0.98 1    0.96 0.98 0.96 0.97 0.79 1    1    1    0.99 0.99 0.98 
 16 1    1    0.99 1    1    1    0.99 1    1    0.93 0.99 0.99 1    
 18 1    1    0.99 1    1    1    0.98 1    0.93 1    0.94 1    1    
 19 0.99 1    0.99 0.99 1    1    0.98 0.99 0.99 0.94 1    1    1    
 23 0.97 1    0.97 1    0.99 1    1    0.99 0.99 1    1    1    0.99 
 24 0.99 0.99 1    1    1    1    0.99 0.98 1    1    1    0.99 1    
Matrix[12][12]
D:\StudPlace\Anul_I\Anul_I_sem_I\arhitectura\Programare in Limbaj de Asamblare\14981868-Limbaje-de-asamblare.pdf
D:\StudPlace\Anul_I\Anul_I_sem_I\algoritmi si programare\carti\Bjarne Stroustrup - The C++ Programming Language. 3rd Ed.pdf
D:\StudPlace\Anul_I\Anul_I_sem_I\algoritmi si programare\Tema 3\p1.txt
D:\StudPlace\Anul_I\Anul_I_sem_I\algoritmi si programare\tema 7\New Text Document.txt
D:\StudPlace\Anul_I\Anul_I_sem_I\arhitectura\Arhitectura calculatorului\Curs4_1.pdf
D:\StudPlace\Anul_I\Anul_I_sem_I\arhitectura\Arhitectura calculatorului\Curs4_2.pdf
D:\StudPlace\Anul_I\Anul_I_sem_I\arhitectura\bn.pdf
D:\StudPlace\Anul_I\Anul_I_sem_I\arhitectura\fmnl01.pdf
D:\StudPlace\Anul_I\Anul_I_sem_I\arhitectura\Lab2 - MUX_DeMUX.pdf
D:\StudPlace\Anul_I\Anul_I_sem_I\comunicare in medii electronice\cap4.doc.txt
D:\StudPlace\Anul_I\Anul_I_sem_I\arhitectura\Arhitectura calculatorului\Curs4_3.pdf
D:\StudPlace\Anul_I\Anul_I_sem_I\algoritmi si programare\Tema 2\pr_2.txt
    2   3   5   11   13   14   16   18   19   23   24   25   
 2 1    0.98 1    1    1    0.98 1    1    0.99 0.97 0.99 1    
 3 0.98 1    1    1    1    1    1    1    1    1    0.99 1    
 5 1    1    1    0.83 0.99 0.98 1    1    0.99 1    1    0.91 
 11 1    1    0.83 1    0.98 0.97 1    1    1    1    1    0.88 
 13 1    1    0.99 0.98 1    0.79 0.99 0.98 0.98 1    0.99 0.95 
 14 0.98 1    0.98 0.97 0.79 1    1    1    0.99 0.99 0.98 0.96 
 16 1    1    1    1    0.99 1    1    0.93 0.99 0.99 1    0.99 
 18 1    1    1    1    0.98 1    0.93 1    0.94 1    1    0.98 
 19 0.99 1    0.99 1    0.98 0.99 0.99 0.94 1    1    1    0.99 
 23 0.97 1    1    1    1    0.99 0.99 1    1    1    0.99 0.98 
 24 0.99 0.99 1    1    0.99 0.98 1    1    1    0.99 1    1    
 25 1    1    0.91 0.88 0.95 0.96 0.99 0.98 0.99 0.98 1    1    
Matrix[11][11]
D:\StudPlace\Anul_I\Anul_I_sem_I\arhitectura\Programare in Limbaj de Asamblare\14981868-Limbaje-de-asamblare.pdf
D:\StudPlace\Anul_I\Anul_I_sem_I\algoritmi si programare\carti\Bjarne Stroustrup - The C++ Programming Language. 3rd Ed.pdf
D:\StudPlace\Anul_I\Anul_I_sem_I\algoritmi si programare\Tema 3\p1.txt
D:\StudPlace\Anul_I\Anul_I_sem_I\algoritmi si programare\tema 7\New Text Document.txt
D:\StudPlace\Anul_I\Anul_I_sem_I\arhitectura\bn.pdf
D:\StudPlace\Anul_I\Anul_I_sem_I\arhitectura\fmnl01.pdf
D:\StudPlace\Anul_I\Anul_I_sem_I\arhitectura\Lab2 - MUX_DeMUX.pdf
D:\StudPlace\Anul_I\Anul_I_sem_I\comunicare in medii electronice\cap4.doc.txt
D:\StudPlace\Anul_I\Anul_I_sem_I\arhitectura\Arhitectura calculatorului\Curs4_3.pdf
D:\StudPlace\Anul_I\Anul_I_sem_I\algoritmi si programare\Tema 2\pr_2.txt
D:\StudPlace\Anul_I\Anul_I_sem_I\arhitectura\Arhitectura calculatorului\Curs4_2.pdf
    2   3   5   11   16   18   19   23   24   25   26   
 2 1    0.98 1    1    1    1    0.99 0.97 0.99 1    0.99 
 3 0.98 1    1    1    1    1    1    1    0.99 1    1    
 5 1    1    1    0.83 1    1    0.99 1    1    0.91 0.96 
 11 1    1    0.83 1    1    1    1    1    1    0.88 0.98 
 16 1    1    1    1    1    0.93 0.99 0.99 1    0.99 0.98 
 18 1    1    1    1    0.93 1    0.94 1    1    0.98 0.98 
 19 0.99 1    0.99 1    0.99 0.94 1    1    1    0.99 0.97 
 23 0.97 1    1    1    0.99 1    1    1    0.99 0.98 1    
 24 0.99 0.99 1    1    1    1    1    0.99 1    1    1    
 25 1    1    0.91 0.88 0.99 0.98 0.99 0.98 1    1    0.96 
 26 0.99 1    0.96 0.98 0.98 0.98 0.97 1    1    0.96 1    
Matrix[10][10]
D:\StudPlace\Anul_I\Anul_I_sem_I\arhitectura\Programare in Limbaj de Asamblare\14981868-Limbaje-de-asamblare.pdf
D:\StudPlace\Anul_I\Anul_I_sem_I\algoritmi si programare\carti\Bjarne Stroustrup - The C++ Programming Language. 3rd Ed.pdf
D:\StudPlace\Anul_I\Anul_I_sem_I\arhitectura\bn.pdf
D:\StudPlace\Anul_I\Anul_I_sem_I\arhitectura\fmnl01.pdf
D:\StudPlace\Anul_I\Anul_I_sem_I\arhitectura\Lab2 - MUX_DeMUX.pdf
D:\StudPlace\Anul_I\Anul_I_sem_I\comunicare in medii electronice\cap4.doc.txt
D:\StudPlace\Anul_I\Anul_I_sem_I\arhitectura\Arhitectura calculatorului\Curs4_3.pdf
D:\StudPlace\Anul_I\Anul_I_sem_I\algoritmi si programare\Tema 2\pr_2.txt
D:\StudPlace\Anul_I\Anul_I_sem_I\arhitectura\Arhitectura calculatorului\Curs4_2.pdf
D:\StudPlace\Anul_I\Anul_I_sem_I\algoritmi si programare\Tema 3\p1.txt
    2   3   16   18   19   23   24   25   26   27   
 2 1    0.98 1    1    0.99 0.97 0.99 1    0.99 1    
 3 0.98 1    1    1    1    1    0.99 1    1    1    
 16 1    1    1    0.93 0.99 0.99 1    0.99 0.98 1    
 18 1    1    0.93 1    0.94 1    1    0.98 0.98 1    
 19 0.99 1    0.99 0.94 1    1    1    0.99 0.97 0.99 
 23 0.97 1    0.99 1    1    1    0.99 0.98 1    1    
 24 0.99 0.99 1    1    1    0.99 1    1    1    1    
 25 1    1    0.99 0.98 0.99 0.98 1    1    0.96 0.87 
 26 0.99 1    0.98 0.98 0.97 1    1    0.96 1    0.96 
 27 1    1    1    1    0.99 1    1    0.87 0.96 1    
Matrix[9][9]
D:\StudPlace\Anul_I\Anul_I_sem_I\arhitectura\Programare in Limbaj de Asamblare\14981868-Limbaje-de-asamblare.pdf
D:\StudPlace\Anul_I\Anul_I_sem_I\algoritmi si programare\carti\Bjarne Stroustrup - The C++ Programming Language. 3rd Ed.pdf
D:\StudPlace\Anul_I\Anul_I_sem_I\arhitectura\bn.pdf
D:\StudPlace\Anul_I\Anul_I_sem_I\arhitectura\fmnl01.pdf
D:\StudPlace\Anul_I\Anul_I_sem_I\arhitectura\Lab2 - MUX_DeMUX.pdf
D:\StudPlace\Anul_I\Anul_I_sem_I\comunicare in medii electronice\cap4.doc.txt
D:\StudPlace\Anul_I\Anul_I_sem_I\arhitectura\Arhitectura calculatorului\Curs4_3.pdf
D:\StudPlace\Anul_I\Anul_I_sem_I\arhitectura\Arhitectura calculatorului\Curs4_2.pdf
D:\StudPlace\Anul_I\Anul_I_sem_I\algoritmi si programare\Tema 2\pr_2.txt
    2   3   16   18   19   23   24   26   28   
 2 1    0.98 1    1    0.99 0.97 0.99 0.99 1    
 3 0.98 1    1    1    1    1    0.99 1    1    
 16 1    1    1    0.93 0.99 0.99 1    0.98 1    
 18 1    1    0.93 1    0.94 1    1    0.98 0.96 
 19 0.99 1    0.99 0.94 1    1    1    0.97 0.97 
 23 0.97 1    0.99 1    1    1    0.99 1    0.99 
 24 0.99 0.99 1    1    1    0.99 1    1    0.99 
 26 0.99 1    0.98 0.98 0.97 1    1    1    0.96 
 28 1    1    1    0.96 0.97 0.99 0.99 0.96 1    
Matrix[8][8]
D:\StudPlace\Anul_I\Anul_I_sem_I\arhitectura\Programare in Limbaj de Asamblare\14981868-Limbaje-de-asamblare.pdf
D:\StudPlace\Anul_I\Anul_I_sem_I\algoritmi si programare\carti\Bjarne Stroustrup - The C++ Programming Language. 3rd Ed.pdf
D:\StudPlace\Anul_I\Anul_I_sem_I\arhitectura\Lab2 - MUX_DeMUX.pdf
D:\StudPlace\Anul_I\Anul_I_sem_I\comunicare in medii electronice\cap4.doc.txt
D:\StudPlace\Anul_I\Anul_I_sem_I\arhitectura\Arhitectura calculatorului\Curs4_3.pdf
D:\StudPlace\Anul_I\Anul_I_sem_I\arhitectura\Arhitectura calculatorului\Curs4_2.pdf
D:\StudPlace\Anul_I\Anul_I_sem_I\algoritmi si programare\Tema 2\pr_2.txt
D:\StudPlace\Anul_I\Anul_I_sem_I\arhitectura\fmnl01.pdf
    2   3   19   23   24   26   28   29   
 2 1    0.98 0.99 0.97 0.99 0.99 1    1    
 3 0.98 1    1    1    0.99 1    1    1    
 19 0.99 1    1    1    1    0.97 0.97 0.97 
 23 0.97 1    1    1    0.99 1    0.99 0.99 
 24 0.99 0.99 1    0.99 1    1    0.99 1    
 26 0.99 1    0.97 1    1    1    0.96 0.96 
 28 1    1    0.97 0.99 0.99 0.96 1    0.98 
 29 1    1    0.97 0.99 1    0.96 0.98 1    
Matrix[7][7]
D:\StudPlace\Anul_I\Anul_I_sem_I\arhitectura\Programare in Limbaj de Asamblare\14981868-Limbaje-de-asamblare.pdf
D:\StudPlace\Anul_I\Anul_I_sem_I\algoritmi si programare\carti\Bjarne Stroustrup - The C++ Programming Language. 3rd Ed.pdf
D:\StudPlace\Anul_I\Anul_I_sem_I\arhitectura\Lab2 - MUX_DeMUX.pdf
D:\StudPlace\Anul_I\Anul_I_sem_I\comunicare in medii electronice\cap4.doc.txt
D:\StudPlace\Anul_I\Anul_I_sem_I\arhitectura\Arhitectura calculatorului\Curs4_3.pdf
D:\StudPlace\Anul_I\Anul_I_sem_I\algoritmi si programare\Tema 2\pr_2.txt
D:\StudPlace\Anul_I\Anul_I_sem_I\arhitectura\Arhitectura calculatorului\Curs4_2.pdf
    2   3   19   23   24   28   30   
 2 1    0.98 0.99 0.97 0.99 1    0.99 
 3 0.98 1    1    1    0.99 1    1    
 19 0.99 1    1    1    1    0.97 0.96 
 23 0.97 1    1    1    0.99 0.99 0.99 
 24 0.99 0.99 1    0.99 1    0.99 1    
 28 1    1    0.97 0.99 0.99 1    1    
 30 0.99 1    0.96 0.99 1    1    1    
Matrix[6][6]
D:\StudPlace\Anul_I\Anul_I_sem_I\arhitectura\Programare in Limbaj de Asamblare\14981868-Limbaje-de-asamblare.pdf
D:\StudPlace\Anul_I\Anul_I_sem_I\algoritmi si programare\carti\Bjarne Stroustrup - The C++ Programming Language. 3rd Ed.pdf
D:\StudPlace\Anul_I\Anul_I_sem_I\comunicare in medii electronice\cap4.doc.txt
D:\StudPlace\Anul_I\Anul_I_sem_I\arhitectura\Arhitectura calculatorului\Curs4_3.pdf
D:\StudPlace\Anul_I\Anul_I_sem_I\algoritmi si programare\Tema 2\pr_2.txt
D:\StudPlace\Anul_I\Anul_I_sem_I\arhitectura\Arhitectura calculatorului\Curs4_2.pdf
    2   3   23   24   28   31   
 2 1    0.98 0.97 0.99 1    1    
 3 0.98 1    1    0.99 1    1    
 23 0.97 1    1    0.99 0.99 0.99 
 24 0.99 0.99 0.99 1    0.99 1    
 28 1    1    0.99 0.99 1    0.98 
 31 1    1    0.99 1    0.98 1    
Matrix[5][5]
D:\StudPlace\Anul_I\Anul_I_sem_I\algoritmi si programare\carti\Bjarne Stroustrup - The C++ Programming Language. 3rd Ed.pdf
D:\StudPlace\Anul_I\Anul_I_sem_I\arhitectura\Arhitectura calculatorului\Curs4_3.pdf
D:\StudPlace\Anul_I\Anul_I_sem_I\algoritmi si programare\Tema 2\pr_2.txt
D:\StudPlace\Anul_I\Anul_I_sem_I\arhitectura\Arhitectura calculatorului\Curs4_2.pdf
D:\StudPlace\Anul_I\Anul_I_sem_I\arhitectura\Arhitectura calculatorului\Curs8_1.pdf
    3   24   28   31   32   
 3 1    0.99 1    1    1    
 24 0.99 1    0.99 1    0.99 
 28 1    0.99 1    0.98 1    
 31 1    1    0.98 1    1    
 32 1    0.99 1    1    1    
Matrix[4][4]
D:\StudPlace\Anul_I\Anul_I_sem_I\algoritmi si programare\carti\Bjarne Stroustrup - The C++ Programming Language. 3rd Ed.pdf
D:\StudPlace\Anul_I\Anul_I_sem_I\arhitectura\Arhitectura calculatorului\Curs4_3.pdf
D:\StudPlace\Anul_I\Anul_I_sem_I\arhitectura\Arhitectura calculatorului\Curs8_1.pdf
D:\StudPlace\Anul_I\Anul_I_sem_I\algoritmi si programare\Tema 2\pr_2.txt
    3   24   32   33   
 3 1    0.99 1    1    
 24 0.99 1    0.99 1    
 32 1    0.99 1    1    
 33 1    1    1    1    
Matrix[3][3]
D:\StudPlace\Anul_I\Anul_I_sem_I\arhitectura\Arhitectura calculatorului\Curs8_1.pdf
D:\StudPlace\Anul_I\Anul_I_sem_I\algoritmi si programare\Tema 2\pr_2.txt
D:\StudPlace\Anul_I\Anul_I_sem_I\algoritmi si programare\carti\Bjarne Stroustrup - The C++ Programming Language. 3rd Ed.pdf
    32   33   34   
 32 1    1    1    
 33 1    1    0.99 
 34 1    0.99 1    
waiting for clients:
client accepted
waiting for clients:
client accepted

waiting for clients:
client accepted
waiting for clients:
client accepted
waiting for clients:
client accepted
waiting for clients:
client accepted
waiting for clients:
client accepted
{"query":"d","queryArray":null,"level":0}
{"query":"den","queryArray":null,"level":0}
{"query":"dens","queryArray":null,"level":0}
{"query":"densi","queryArray":null,"level":0}
{"query":null,"queryArray":["density"],"level":2}
waiting for clients:
